0.101929
0.100708
0.097046
0.096130
0.096130
0.090637
0.090942
0.090942
0.086060
0.085754
0.085449
0.081177
0.080566
0.081177
0.081482
0.077210
0.077515
0.077210
0.072022
0.072022
0.072022
0.072022
0.067444
0.067139
0.067139
0.062256
0.062561
0.057373
0.057068
0.056763
0.052795
0.052795
0.047607
0.047607
0.042114
0.042419
0.037842
0.038757
0.034485
0.032959
0.032654
0.028076
0.028076
0.022583
0.023498
0.018311
0.018311
0.017700
0.012817
0.013123
0.007935
0.008545
0.008850
0.003357
0.003357
0.000610
-0.000916
-0.001221
-0.005798
-0.005798
-0.006104
-0.010986
-0.011902
-0.011597
-0.016174
-0.016174
-0.016174
-0.021362
-0.021057
-0.021362
-0.025635
-0.025635
-0.025635
-0.029602
-0.030823
-0.031128
-0.030518
-0.030823
-0.030823
-0.030518
-0.031433
-0.030518
