-0.396809
-0.393757
-0.395283
-0.396809
-0.395283
-0.393757
-0.398335
-0.392231
-0.395283
-0.410542
-0.404438
-0.409016
-0.404438
-0.409016
-0.405964
-0.405964
-0.405964
-0.407490
-0.405964
-0.405964
-0.402912
-0.405964
-0.409016
-0.407490
-0.407490
-0.407490
-0.410542
-0.407490
-0.405964
-0.407490
-0.405964
-0.402912
-0.405964
-0.409016
-0.407490
-0.407490
-0.405964
-0.405964
-0.407490
-0.405964
-0.401386
-0.407490
-0.407490
-0.405964
-0.404438
-0.409016
-0.404438
-0.409016
-0.405964
-0.407490
-0.409016
-0.404438
-0.409016
-0.405964
-0.409016
-0.405964
-0.407490
-0.407490
-0.407490
-0.407490
-0.404438
-0.409016
-0.407490
-0.405964
-0.409016
-0.407490
-0.405964
-0.405964
-0.410542
-0.405964
-0.409016
-0.404438
-0.409016
-0.405964
-0.410542
-0.409016
-0.405964
-0.409016
-0.409016
-0.407490
-0.409016
-0.405964
